-5.17028
-5.17028
0.00382639
0.00373508
0.00374992
0.00379061
0.00370176
0.00375828
0.00378531
0.00376575
0.00377862
0.00374019
0.00373754
0.00372643
0.0037569
0.00370274
0.00369753
0.00371188
0.00369409
0.00372918
0.00371316
0.0037395
0.00376024
0.00382904
0.00379071
0.00374687
0.00378422
0.00378639
0.00376909
0.00377341
0.00376447
0.00372849
0.00376476
0.00377666
0.00376378
0.00376683
0.00376073
0.00377253
0.0037509
0.00376427
0.00376093
0.00377331
0.00377607
0.00374216
0.0037969
0.00383219
0.0037969
0.00383219
0.00381351
0.00379789
0.00393107
0.00394886
0.00391407
0.00396754
0.0039121
0.0038375
0.00387387
0.00381882
0.00385676
0.00391259
0.00376722
0.0037799
0.00376584
0.00380015
0.00384585
0.00380467
0.00374009
0.00384752
0.004056
0.00402936
0.00383081
0.00356887
0.00351127
0.00364858
0.0038202
0.00394395
0.00372918
0.00363885
0.00365694
0.00367689
0.00386335
0.00391082
0.00383858
0.00364141
0.00351157
0.00349378
0.00362843
0.00365537
0.00374874
0.003849
0.0038719
0.00385352
0.00373577
0.00352385
0.00342134
0.00347815
0.00342134
0.00347815
0.00371847
0.00392527
0.00376614
0.00367286
0.00370215
0.00375818
0.00381361
0.003843
0.00380172
0.00368633
0.00371434
0.00382275
0.00383219
0.00381627
0.00370481
0.00371454
0.00380447
0.00371454
0.00380447
0.00387868
0.00376378
0.00368308
0.0035555
0.00358725
0.0036532
0.00376624
0.00386472
0.00382767
0.00381086
0.00385372
0.00380978
0.00369802
0.0036077
0.00373508
0.00386679
0.00393412
0.0038946
0.0036994
0.00366107
0.00355698
0.0035727
0.00365497
0.00374058
0.00365497
0.00373174
0.00372093
0.00373174
0.00372093
0.00365831
0.0036479
0.00370766
0.0037279
0.00381646
0.00375336
0.00376909
0.00375385
0.00372437
0.00375425
0.0037337
0.00371994
0.00365458
0.00366441
0.00359482
0.00366883
0.00364711
0.00366038
0.00357555
0.00359983
0.00358676
0.00355826
0.00363532
0.00383032
0.00398818
0.00386128
0.00375002
0.00377941
0.00401609
0.00414564
0.00435863
0.00447599
0.00453103
0.00467365
0.00466883
0.00475101
0.00469685
0.00396783
0.00365212
0.00349378
0.0034237
0.00336649
0.00340414
0.0033947
0.00331823
0.00319488
0.00331823
0.00319488
0.00303388
0.00309187
0.00308371
0.00310769
0.00307634
0.00302749
0.00297156
0.00297264
0.00292193
0.00286099
0.00292143
0.00301452
0.00319537
0.0035213
0.00373252
0.00411163
0.00423469
0.00426919
0.00435981
0.00448592
0.0045619
0.00489765
0.00520029
0.00551639
0.00595938
0.00630055
0.00663238
0.00707409
0.00737545
0.00783466
0.00839462
0.00870954
0.00925633
0.00943807
0.00916236
0.00920109
0.00872861
0.00858913
0.00907921
0.0113714
0.00970709
0.00803596
0.00606455
0.00412794
0.00254027
0.000555101
-0.00115269
-0.00303504
-0.00546418
-0.00780545
-0.0106376
-0.0144847
-0.0184372
-0.0225649
-0.0264183
-0.0294642
-0.0327311
-0.0348402
-0.0344451
-0.030625
-0.0210615
-0.0069693
0.00961391
0.0265973
0.0419582
0.0538872
0.0600812
0.0476551
0.0395212
0.0340395
0.0336855
0.0394065
0.0494312
0.060145
0.0673114
0.0670555
0.0567573
0.0361405
0.008896
-0.0193418
-0.043653
-0.0598336
-0.0650189
-0.0607272
-0.0518077
-0.0607272
-0.0518077
-0.0443519
-0.0431727
-0.0496325
-0.0595768
-0.06583
-0.0612678
-0.0428763
-0.0119799
0.0756006
0.0561192
0.0756006
0.0794108
0.0710648
0.0607377
0.0598771
0.0732954
0.0921968
0.0981818
0.0763015
0.0259048
-0.0349066
-0.0797873
-0.0930958
-0.0779587
-0.0531679
-0.037766
-0.0397275
-0.0548253
-0.0709579
-0.0746277
-0.0559814
0.0732362
0.0926896
0.0881964
0.0774052
0.0828764
0.104809
0.112972
0.079079
0.00660741
-0.0672518
-0.105007
-0.0966256
-0.0691112
-0.0612617
-0.0875152
-0.116379
-0.0989803
-0.0195848
0.077326
0.128572
0.114301
0.0764965
0.0714635
0.10804
0.130875
0.0868687
-0.0140229
-0.101465
-0.122886
-0.0959377
-0.0833755
-0.106882
-0.113332
-0.0556215
0.0431476
0.114904
0.122156
0.0966155
0.106046
0.146578
0.124606
0.00245171
-0.119229
-0.136358
-0.0838599
-0.0599781
-0.088507
-0.115185
-0.0781144
0.0196074
0.111028
0.132706
0.112105
0.135083
0.15758
0.0697819
-0.0803928
-0.147255
-0.11044
-0.0871148
-0.136389
-0.145976
-0.0194455
0.134469
0.159131
0.0997114
0.105414
0.163148
0.114757
-0.048713
-0.155312
-0.132326
-0.111701
-0.147253
-0.102549
0.0476392
0.15204
0.136594
0.126266
0.183944
0.115094
-0.0956737
-0.174651
-0.101664
-0.0829348
-0.133372
-0.110948
0.0270048
0.148207
0.148066
0.149619
0.187749
0.0583411
-0.138349
-0.160171
-0.105971
-0.160162
-0.158275
0.049015
0.194402
0.135299
0.123309
0.193342
0.0756059
-0.142577
0.0756059
-0.142577
-0.173161
-0.133382
-0.17494
-0.0776406
0.128524
0.175922
0.143519
0.212346
0.0942037
-0.169678
-0.16579
-0.0918895
-0.146691
-0.127296
0.0609069
0.182805
0.158782
0.208402
0.11375
-0.144338
-0.176619
-0.125858
-0.204764
-0.0816131
0.185823
0.176633
0.132534
0.213505
0.0477901
-0.192142
-0.168458
-0.175858
-0.150208
0.099881
0.199908
0.165407
0.237576
0.00411861
-0.225654
-0.124216
-0.141744
-0.160171
0.0569654
0.202996
0.183262
0.230531
-0.0119142
-0.215075
-0.142602
-0.210994
-0.114739
0.202948
0.179725
0.166982
0.210641
-0.084547
-0.219447
-0.171506
-0.199089
0.0545029
0.217948
0.182208
0.250109
-0.0673074
-0.228969
-0.118609
-0.189269
-0.0636043
0.195001
0.198722
0.250832
0.0157066
-0.230408
-0.155586
-0.240604
-0.0154851
0.250559
0.154713
0.241876
0.0381562
-0.238838
-0.185184
-0.218291
0.0596016
0.229629
0.212505
0.221824
-0.197257
-0.182751
-0.158865
-0.165901
0.138178
0.221562
0.260252
0.0587845
-0.243019
-0.16987
-0.253577
0.0698661
0.247574
0.179779
0.232292
-0.153548
-0.225276
-0.232027
-0.0542811
0.241298
0.215708
0.252306
-0.201164
-0.186612
-0.185766
-0.124039
0.211526
0.231621
0.255727
-0.156829
-0.212075
-0.247586
-0.0666918
0.27473
0.183079
0.254642
-0.153691
-0.235791
-0.249265
0.0241162
0.253631
0.264309
0.109201
-0.279943
-0.154246
-0.21784
0.111813
0.249944
0.290803
-0.0769863
-0.241372
-0.250185
-0.0768069
0.284998
0.202467
0.226516
-0.231803
-0.232007
-0.230664
0.188168
0.239928
0.296835
-0.205021
-0.195338
-0.228246
0.00228166
0.267344
0.300578
-0.0273496
-0.258162
-0.264903
-0.0379754
0.286464
0.236254
0.139239
-0.285556
-0.253867
-0.0998995
0.0760569
-0.286707
-0.193991
-0.142027
0.257732
0.294006
0.0888237
-0.28175
-0.259789
-0.0766606
-0.259789
-0.0766606
0.296937
0.250533
0.105733
-0.297394
-0.274672
0.00280535
0.280015
0.325185
-0.140252
-0.224676
0.286466
0.0698935
-0.230813
-0.235342
-0.252809
0.286997
0.230586
0.224373
-0.292199
-0.276399
-0.0606533
0.292298
0.331955
-0.144563
-0.226037
-0.254964
0.130525
0.299489
0.237528
-0.292762
-0.264069
-0.102593
0.308314
0.285661
-0.00953555
0.285661
-0.00953555
-0.301088
-0.279503
0.217878
0.292968
0.167053
-0.312098
-0.230126
-0.0489665
0.305505
0.324215
-0.236411
-0.25754
-0.199891
0.320399
0.278456
0.0343631
-0.311579
-0.282626
0.233122
0.309593
0.0972133
-0.298137
-0.255392
0.0640819
0.31724
0.238728
-0.307375
-0.301204
0.037095
0.285592
0.312929
-0.239629
-0.297862
-0.0728037
0.309839
0.340216
-0.28203
-0.217339
0.345157
-0.188137
-0.268126
-0.211608
0.326639
0.29408
-0.02795
-0.309809
-0.246322
0.287126
0.340983
-0.0814055
-0.250449
-0.261465
0.211949
0.336002
0.0352439
-0.290137
-0.31837
0.250654
0.258042
0.198626
-0.322946
-0.305863
0.148132
0.306831
0.193334
-0.319709
-0.247962
0.0143652
0.320031
0.265064
0.320031
0.265064
-0.301096
-0.295768
0.00492419
0.29211
0.315983
-0.216843
-0.295661
-0.112791
0.310408
0.349434
-0.239177
-0.215288
-0.220832
0.270415
0.337121
-0.0527293
-0.269875
-0.30254
0.249145
0.241962
0.233871
-0.296026
-0.280633
-0.0128746
0.287346
0.320959
-0.214245
-0.202403
-0.239711
0.191402
0.298072
0.164636
-0.288973
-0.262418
-0.0565306
0.287344
0.270434
0.0114413
-0.287959
-0.277503
0.138402
0.26761
0.282182
-0.272996
-0.184929
-0.215006
0.206756
0.28787
0.157794
-0.281861
-0.252334
-0.097759
0.292623
0.246369
0.0991836
-0.288188
-0.267525
0.01151
0.269705
0.309858
-0.123556
-0.220148
-0.230396
0.0252781
0.269939
0.299584
-0.132443
-0.231162
-0.280339
0.134423
0.234633
0.274667
-0.0643866
-0.262533
-0.259806
0.0980363
0.251758
0.29973
-0.151828
-0.00415486
0.260346
0.290228
-0.0365576
-0.24524
-0.255268
-0.24524
0.270023
0.223523
0.270023
0.223523
0.143267
-0.139964
0.241636
0.241562
0.198424
-0.264225
-0.16091
-0.214986
0.0998369
0.246712
0.276114
-0.0954484
-0.224861
-0.247193
-0.0307441
0.263006
0.200672
0.193417
-0.222825
0.193417
-0.222825
-0.216792
-0.213559
0.153981
0.224865
0.2786
-0.096437
-0.217528
-0.17425
-0.133751
0.199595
0.233224
0.228648
-0.177656
-0.195345
-0.246769
0.010836
0.24967
0.189223
0.201589
-0.190461
-0.21077
-0.226753
0.065846
0.230321
0.247071
0.0919138
-0.248989
-0.140784
-0.199204
0.0283928
0.22912
0.243277
0.113531
-0.226049
-0.17339
-0.240244
0.0812775
0.229195
-0.186218
-0.204746
-0.22316
-0.204746
0.228482
0.0266481
0.228482
0.224552
-0.108056
-0.188215
-0.151668
-0.188215
0.220235
0.214917
-0.160182
-0.192306
-0.223358
-0.0828325
0.244545
0.153776
0.241165
-0.0367034
-0.234572
-0.0367034
-0.234572
-0.204463
-0.137439
0.191096
-0.0583467
0.262517
-0.0583467
-0.224781
-0.14046
-0.184456
0.0866391
0.221155
0.246815
0.0803386
-0.227895
-0.168822
-0.238456
0.0712328
0.232227
0.176994
0.209917
-0.149197
-0.211667
-0.217736
-0.0507898
0.221768
0.200608
0.244221
-0.146071
-0.194551
-0.152502
-0.160836
0.130616
0.215268
0.251524
0.0327919
-0.229576
-0.168011
-0.23342
0.0958663
0.22562
0.178185
0.205333
-0.150734
-0.210216
-0.215531
-0.0632702
0.217183
0.196084
0.252738
-0.110968
-0.208975
-0.141294
-0.179323
0.0893012
0.218003
0.239962
-0.166682
-0.235984
-0.166682
-0.235984
-0.00637169
0.243646
0.159272
0.237685
-0.0441823
-0.230933
-0.194593
-0.163256
0.247589
0.0687866
-0.242952
-0.1329
-0.18897
-0.0538434
0.203963
0.207606
0.236132
-0.0938865
-0.210784
-0.181328
-0.198233
0.166729
0.200313
0.190859
0.177313
-0.174754
-0.200909
-0.213671
-0.0612732
0.213283
0.19054
0.256242
-0.0641513
-0.22429
-0.12854
-0.188801
-0.12854
-0.191261
0.0193366
0.216077
0.214388
0.202529
-0.15065
-0.192433
-0.195259
-0.164599
0.19725
0.185198
0.199879
0.156439
-0.188131
-0.195115
-0.213116
-0.0561963
0.212253
0.188106
0.256622
-0.0449262
-0.229751
-0.125064
-0.191557
-0.0131302
0.210467
0.205159
0.229158
-0.0983861
-0.209177
-0.172615
-0.211555
0.132823
0.213939
0.168664
0.216305
-0.109152
-0.217981
-0.193375
-0.152041
0.15585
0.200175
0.233692
0.124619
-0.230036
-0.145593
-0.163995
-0.134372
0.142413
0.205546
0.238378
0.097719
-0.212558
-0.162471
-0.220453
-0.0899994
0.229424
0.163102
0.212801
0.124894
-0.200791
-0.187805
-0.21073
-0.0625899
0.206005
0.184136
0.253015
0.0186442
-0.23875
-0.124934
-0.179732
-0.0901312
0.175765
0.198132
0.243276
0.0499595
-0.219991
-0.154783
-0.225084
-0.0656223
0.233001
0.157977
0.212649
0.123139
-0.206873
-0.0809225
0.195778
0.18436
0.244998
0.0701865
-0.235763
-0.133868
-0.163933
-0.131852
0.135217
0.203224
0.227586
0.136828
-0.188671
-0.172504
-0.192424
-0.165986
0.17709
0.193945
0.167986
0.210495
-0.0969817
-0.216929
-0.178661
-0.182394
0.0958871
0.210133
0.192961
0.224853
-0.129408
-0.20359
-0.118642
-0.186211
-0.0246339
0.198069
0.190137
0.240751
0.00902476
-0.219716
-0.148236
-0.221697
-0.0727931
0.225114
0.160569
0.194788
0.163511
-0.157221
-0.198766
-0.186919
-0.152547
0.134036
0.200794
0.201002
0.204796
-0.153804
-0.19281
-0.118297
-0.184879
-0.0216273
0.196236
0.187367
0.239765
0.0300951
-0.216565
-0.149086
-0.210413
-0.114932
0.204741
0.176248
0.171865
0.201885
-0.0983606
-0.213587
-0.170456
-0.191747
0.0572556
0.211795
0.17506
0.24585
-0.0289666
-0.229614
-0.116625
-0.165671
-0.122038
0.129457
0.198864
0.210969
0.180033
-0.138807
-0.193438
-0.152753
-0.221603
0.0416759
0.231497
0.139379
0.213742
0.113641
-0.184607
-0.184786
-0.187091
-0.143157
0.133182
0.198849
0.189394
0.222593
-0.109585
-0.211477
-0.109417
-0.175489
-0.0919135
0.153207
0.192181
0.215937
0.163228
-0.152118
-0.188448
-0.151483
-0.221346
0.0338965
0.231996
0.139228
0.205419
0.139215
-0.163292
-0.193243
-0.17536
-0.172645
0.0870072
0.207512
0.171235
0.243839
-0.0142847
-0.230509
-0.119244
-0.150067
-0.151532
0.0775513
0.202646
0.185353
0.228611
-0.0258799
-0.215178
-0.139333
-0.204976
-0.131958
0.181764
0.190631
0.143532
0.224193
0.00823667
-0.213995
-0.163344
-0.213995
-0.163344
-0.196002
-0.101458
0.160936
0.187802
0.19034
0.216248
-0.106089
-0.212908
-0.106045
-0.164413
-0.122995
0.112488
0.197628
0.188913
0.21742
-0.0517151
-0.212052
-0.135093
-0.204286
-0.131608
0.176255
0.192768
0.136641
0.222977
0.0397934
-0.204088
-0.168221
-0.184016
-0.139532
0.118939
0.198117
0.167881
0.238803
-0.00585636
-0.226698
-0.12304
-0.132983
-0.167542
0.0211702
0.193394
0.173495
0.226692
0.0975835
-0.180199
-0.169256
-0.146495
-0.216267
0.00900205
0.224889
0.144451
0.169548
0.196609
-0.0658851
-0.210653
-0.152117
-0.194522
0.181906
0.178581
0.223575
-0.0591221
-0.220313
-0.11144
-0.137731
-0.159985
0.0312047
0.191453
0.169604
0.22178
0.108606
-0.167046
-0.174325
-0.135161
-0.215185
-0.0403112
0.210421
-0.0403112
0.210421
0.213921
0.0128498
-0.200755
-0.16113
-0.174519
-0.150143
0.0861586
0.197487
0.153798
0.227185
0.0988444
-0.193492
-0.163369
-0.0998095
-0.166884
-0.0998095
-0.166884
-0.0951557
0.119262
0.188244
0.1735
0.21819
0.0108468
-0.197261
-0.202786
0.0270405
0.217526
0.14089
0.154279
0.202793
-0.0160983
-0.200894
-0.154016
-0.172371
-0.145564
0.0810708
-0.145564
0.0810708
0.194113
0.14991
0.216771
0.128093
-0.166691
-0.178678
-0.0944724
-0.152166
-0.129238
0.0685696
0.18769
0.161098
-0.150837
0.107356
-0.150837
-0.175565
-0.105936
-0.20022
-0.105936
0.161995
0.195197
0.134848
-0.119296
-0.192119
-0.14034
-0.183692
-0.0846822
0.13636
0.181163
0.150328
0.222791
0.0700065
-0.190569
-0.157009
-0.0929816
-0.154952
-0.116485
0.0775477
0.184425
0.157016
0.20869
0.116895
-0.13498
-0.179366
-0.116715
-0.185962
-0.116715
-0.185962
-0.140853
0.118147
0.20199
0.117972
0.167236
0.179825
-0.0431395
-0.193981
-0.14554
-0.162282
-0.151671
0.0481353
0.184605
0.148214
0.183146
0.190547
-0.0680054
-0.20399
-0.110458
-0.107259
-0.161062
-0.0603805
0.127236
0.175618
0.157632
0.208137
0.0664713
-0.159357
-0.163722
-0.115063
-0.188426
0.19639
0.114567
0.160871
0.181692
-0.0231748
-0.186566
-0.148792
-0.149431
-0.165105
0.00208548
0.1688
0.157149
0.155258
0.212366
0.0297249
-0.190389
-0.146099
-0.0871099
-0.143225
-0.127036
0.0405662
0.170495
0.153011
0.178978
0.178406
-0.0331059
-0.183413
-0.132316
-0.12684
-0.193096
-0.12684
-0.193096
-0.0621567
0.16483
0.17619
0.107544
0.171173
0.162676
-0.0477241
-0.184379
-0.141437
-0.14704
-0.161288
-0.00268945
0.161354
0.157383
0.144653
0.209004
0.0715385
-0.165706
-0.163865
-0.0850627
-0.123142
-0.14634
-0.0185696
0.141288
0.162859
0.151149
0.198622
0.0755626
-0.138038
-0.166322
-0.106744
-0.159801
-0.165783
0.0379176
0.193043
0.140744
0.111808
0.185456
0.11746
-0.0955504
-0.179682
-0.129506
-0.151468
-0.147034
0.0180921
0.162478
0.15067
0.141412
0.203473
0.0793245
-0.151924
-0.168029
-0.0857669
-0.109792
-0.148229
-0.0526989
0.109917
0.165794
0.139819
0.185741
0.140468
-0.0680984
-0.176125
-0.12097
-0.119326
-0.183022
-0.0822037
0.132424
0.182366
0.108351
0.135007
0.183826
0.0504501
-0.139133
-0.164931
-0.121114
-0.157088
-0.123639
0.141617
0.141523
0.198553
0.0738511
-0.146171
-0.166605
-0.0857108
-0.100826
-0.145421
-0.0738156
0.0820345
0.162302
0.137944
0.166009
0.172947
0.166009
0.172947
0.00309403
-0.158777
-0.144145
-0.10002
-0.15763
-0.153938
0.0301973
0.179912
0.144788
0.0988807
0.161837
0.154631
-0.0198198
-0.162613
-0.145197
-0.119972
-0.158398
-0.0959464
0.0723762
0.163377
0.133089
0.141144
0.192729
0.0702092
-0.138811
-0.16557
-0.086676
-0.0913334
-0.139459
-0.0931217
0.0494991
0.151704
0.141209
0.144388
0.183231
0.0764244
-0.111492
-0.162791
-0.105129
-0.117948
-0.172971
-0.0818804
0.112772
0.178312
0.112407
0.1093
0.173457
0.114252
-0.0672255
-0.165965
-0.129844
-0.12074
-0.154468
0.159676
0.128627
0.135622
0.187423
0.0856773
-0.11803
-0.16903
-0.0941105
-0.0796111
-0.128011
-0.115072
0.00326977
0.126587
0.148615
0.127651
0.148615
0.127651
0.16974
0.144206
-0.134355
-0.0926058
-0.140375
-0.158601
-0.0186131
0.148345
0.161545
0.0974561
0.11862
0.171116
0.090711
-0.0819515
-0.161678
-0.123574
-0.116916
-0.149574
-0.0836917
-0.149574
-0.0836917
0.0669469
0.153213
0.130565
0.122298
0.177865
0.125863
-0.0664606
-0.170157
-0.104521
-0.130861
-0.060353
0.0700207
0.147094
0.130828
0.134526
0.172963
0.0963764
-0.0741566
-0.156642
-0.115743
-0.0920524
-0.146164
-0.145134
0.00112882
0.150472
0.154611
0.150472
0.154611
0.0940039
0.112519
0.165819
0.102528
-0.0600663
-0.154803
-0.128677
-0.106885
-0.141061
-0.113717
0.0169602
0.132333
0.142439
0.110903
0.14792
0.170465
0.0402706
-0.130451
-0.154515
-0.0864978
-0.0719856
-0.114518
-0.118917
-0.0311508
0.089711
0.144429
0.123015
0.133824
0.167782
0.0909846
-0.0694284
-0.151221
-0.116411
-0.0860942
-0.132056
-0.151928
-0.0383638
0.119802
0.162564
0.106223
0.0909145
0.146946
0.143816
0.0165144
-0.120396
-0.146598
-0.106522
-0.114289
-0.139539
-0.0752722
0.057481
0.140614
0.129313
0.107629
0.15199
0.158519
0.0238702
-0.130581
-0.148466
-0.0844686
-0.0675981
-0.04973
0.0646615
0.135827
0.126231
0.117517
0.156557
0.117517
0.156557
0.133719
-0.00067952
-0.126015
-0.137612
-0.0902389
-0.0950413
-0.146209
-0.122954
0.0153852
0.142072
0.14744
0.0921073
0.0944284
0.148082
0.131558
0.00585814
-0.118729
-0.14135
-0.103496
-0.107254
-0.135074
-0.0887611
0.031707
0.126282
0.133743
0.10367
0.127769
0.165071
0.0901475
-0.0704912
-0.152835
-0.113993
-0.0644135
-0.07685
-0.114053
-0.101924
-0.0170451
0.0865718
0.134479
0.116744
0.116623
0.153252
0.123869
-0.00339341
-0.119917
-0.134234
-0.0896647
-0.0860373
-0.0220785
-0.133234
-0.0220785
0.113451
0.152969
0.106219
0.0796552
0.122073
0.149042
0.0753123
-0.0583263
-0.137139
-0.122496
-0.0931481
-0.113463
-0.127257
-0.0616415
0.0536006
0.128813
0.125314
0.0988112
0.125022
0.159044
0.0920419
-0.0565373
-0.144699
-0.118989
-0.0666486
-0.0660303
-0.101491
-0.109986
-0.0513322
0.0469619
0.119097
0.124065
0.104832
0.127889
0.1494
0.0828738
-0.0464081
-0.129969
-0.119832
-0.0796158
-0.0880427
-0.133399
-0.123407
-0.0157518
0.109088
0.147751
0.106038
0.075348
0.108891
0.144925
0.0983125
-0.021849
-0.118858
-0.129593
-0.0957383
-0.0954692
-0.123003
-0.102267
-0.010338
0.0902081
0.130798
0.109569
0.149694
0.0674703
0.149694
0.0674703
-0.11171
-0.0636818
-0.0619114
-0.094435
-0.107822
-0.0627889
0.0246975
-0.0627889
0.0246975
0.101875
0.123326
0.141531
0.121979
0.141531
0.121979
0.0197654
-0.0913626
-0.12971
-0.0990182
-0.0716199
-0.0962148
-0.13365
-0.104098
0.00670865
0.115013
0.140721
0.0997413
0.0724637
0.102702
0.138626
0.105055
-0.00100417
-0.101038
-0.128822
-0.0999773
-0.085637
-0.10978
-0.115082
-0.05481
0.0440479
0.11432
0.121294
0.0949231
0.0992673
0.138434
0.133285
0.0365943
-0.0862363
-0.135134
-0.102099
-0.0594615
-0.0588675
-0.0885331
-0.103649
-0.0687318
0.00794258
0.0847577
0.118616
0.105801
0.0973794
0.124999
0.135937
0.0734213
-0.0363744
-0.113708
-0.117217
-0.0815576
-0.0698626
-0.103038
-0.129531
-0.0862676
0.0215795
0.116199
0.134553
0.0960275
0.0693311
0.0943507
0.131328
0.113008
0.0243117
-0.0764867
-0.123061
-0.106895
-0.0819109
-0.092483
-0.113985
-0.0905068
-0.0124473
0.0741118
0.118381
0.109035
0.0871122
0.101596
0.13683
0.121674
0.0270492
-0.0837392
-0.128662
-0.100697
-0.0595786
-0.0528634
-0.0777473
-0.0986175
-0.0811052
-0.0209249
0.0540775
0.105375
0.11057
0.0932902
0.100595
0.1288
0.119583
0.0442403
-0.0553122
-0.114007
-0.10828
-0.0752717
-0.0666941
-0.0973763
-0.123421
-0.0906195
0.00327852
0.0975993
0.131353
0.104374
0.0696809
0.0756155
0.11338
0.125412
0.0736237
-0.0213571
-0.0986454
-0.11727
-0.0928676
-0.0768199
-0.093269
-0.108983
-0.0802573
-0.0065149
0.0715603
0.11232
0.10591
0.0843116
0.0911919
0.124326
0.127492
0.0610048
-0.0440892
-0.11422
-0.11403
-0.0746079
-0.0485639
-0.0568246
-0.0821234
-0.0931151
-0.0671592
-0.00778088
0.0593111
0.102125
0.104827
0.0889546
0.0937128
0.119645
0.120014
0.0634694
-0.0269842
-0.0965865
-0.111091
-0.0846276
-0.0617181
-0.0737308
-0.107046
-0.114025
-0.061742
0.0312374
0.106953
0.124225
0.0943594
0.0650496
0.0732366
0.1078
0.120821
0.0791821
-0.00483247
-0.0821357
-0.112686
-0.096671
-0.0745035
-0.0790082
-0.099734
-0.0964693
-0.0490557
0.0247639
0.0865518
0.109477
0.0956059
0.0783732
0.0897786
0.119864
0.120672
0.0618086
-0.0331349
-0.102887
-0.112556
-0.0801022
-0.0496177
-0.0471627
-0.0671076
-0.0864177
-0.08127
-0.0426015
0.0170782
0.0729789
0.101175
0.0965808
0.0828987
0.0904465
0.113946
0.114541
0.0663802
-0.0143183
-0.0831107
-0.106912
-0.0886747
-0.0626615
-0.0605485
-0.0868842
-0.110426
-0.0934953
-0.0263555
0.0585907
0.112706
0.114116
0.0831975
0.0602858
0.0713212
0.10307
0.115668
0.0809854
0.0068378
-0.0670622
-0.104715
-0.0984113
-0.0755587
-0.0691598
-0.0857211
-0.0979187
-0.0770987
0.09264
0.103182
0.086933
0.0737485
0.0863049
0.113673
0.116477
0.06806
-0.0158475
-0.0869263
-0.10934
-0.0876759
-0.0556062
-0.0417101
-0.0517012
-0.0723156
-0.0834004
-0.0688872
-0.0274993
0.0270947
0.0741444
0.0961237
0.0909404
0.0783163
0.0830147
0.104137
0.111963
0.0807709
0.0141133
-0.0557363
-0.096254
-0.0956579
-0.0718422
-0.0542807
-0.0623285
-0.0892428
-0.105101
-0.081935
-0.0178233
0.0576286
0.105935
0.109679
0.083195
0.0591326
0.0618315
0.0885781
0.109455
0.0960379
0.0423345
-0.0285894
-0.0831351
-0.100795
-0.0863082
-0.0673464
-0.0667135
-0.0831216
-0.0919657
-0.0720293
-0.022415
0.037653
0.0824353
0.0980564
0.0874906
0.0716596
0.0731887
0.095514
0.11357
0.0972097
0.0386479
-0.0371523
-0.0907337
-0.101526
-0.0789118
-0.0508204
-0.038522
-0.0463868
-0.0645628
-0.0773492
-0.0710781
-0.0412188
0.00423891
0.0506632
0.0826301
0.0909958
0.0810939
0.0724644
0.0813092
0.100549
0.105203
0.0763343
0.0177044
-0.0447495
-0.0857493
-0.0926134
-0.0747155
-0.0545062
-0.0514549
-0.0698632
-0.0930498
-0.0954872
-0.0615906
0.00140963
0.0651649
0.10234
0.102262
0.078478
0.0564388
0.0561913
0.078089
0.100383
0.0990179
0.0627908
0.00245839
-0.0557763
-0.089565
-0.0912301
-0.0739428
-0.0603245
-0.0641834
-0.0793248
-0.0855932
-0.0673449
-0.0245951
0.0281744
0.0707561
0.0910141
0.087162
0.0720438
0.0649145
0.0767221
0.0983749
0.105781
0.0800657
0.0230263
-0.0416792
-0.0850292
-0.0940696
-0.0758104
-0.0506532
-0.0363536
-0.0388417
-0.0529177
-0.0672948
-0.071144
-0.0572212
-0.0258334
0.0148148
0.0536015
0.0788675
0.0845222
0.0760096
0.0675684
0.0727207
0.088945
0.0988868
0.085741
0.0451728
-0.0100752
-0.0589623
-0.0851245
-0.0835638
-0.065615
-0.0491158
-0.0477139
-0.0636995
-0.0842904
-0.0901796
-0.0680951
-0.0188261
0.0398329
0.0845537
0.100137
0.0877927
0.0648042
0.050118
0.0557546
0.0767886
0.0947245
0.0920819
0.0614654
0.00989718
-0.0428626
-0.0782909
-0.0874056
-0.0756723
-0.0600758
-0.055314
-0.0647146
-0.0772803
-0.0647146
-0.0772803
-0.0775478
-0.0565873
-0.0170942
0.0285488
0.0653605
0.0840252
0.0828877
0.0703905
0.0607821
0.0648891
0.0819186
0.0969783
0.0927743
0.0608038
0.00818673
-0.0451621
-0.0796691
-0.086763
-0.071825
-0.0497937
-0.0348088
-0.0329844
-0.0420725
-0.0552197
-0.064923
-0.0633327
-0.0467341
-0.0173877
0.0179456
0.0505198
0.0719939
0.0783486
0.0722542
0.0636252
0.0632122
0.0741969
0.0877829
0.0902135
0.0717109
0.0327278
-0.0151984
-0.0560662
-0.0782507
-0.0783235
-0.0639573
-0.0505093
-0.0683595
-0.0828096
-0.0801668
-0.0534156
-0.00705963
0.0432654
0.0801657
0.0933808
0.0840247
0.0643579
0.0486927
0.0476941
0.0622453
0.0813544
0.0905383
0.0790766
0.0454673
-0.00103346
-0.0446127
-0.073026
-0.0803587
-0.0711677
-0.0574401
-0.0501762
-0.0550254
-0.0664726
-0.0732765
-0.0660458
-0.041827
-0.0053884
0.0327678
0.0622069
0.0772838
0.0770679
0.0772838
0.0770679
0.0669794
0.0572229
0.0564437
0.0673577
0.083067
0.0907263
0.0795965
0.04736
0.00174559
-0.0423711
-0.0712618
-0.0792635
-0.0693918
-0.0514878
-0.0356971
-0.0286824
-0.0315613
-0.0591366
-0.0572362
-0.0441017
-0.0210569
0.00752495
0.0355742
0.0576656
0.0695139
0.070347
0.0639638
0.0574385
0.0639638
0.0574385
0.0577921
0.0669547
0.0787448
0.0835623
0.0737403
0.0472703
0.00957941
-0.0289346
-0.0582763
-0.072072
-0.0697979
-0.0575483
-0.0443024
-0.0377257
-0.0423807
-0.0560395
-0.0707575
-0.0766673
-0.0659504
-0.0370369
0.00368092
0.0445186
0.0740985
0.0855782
0.0792315
0.063204
0.0480361
0.0423509
0.0494891
0.0651047
0.0792588
0.0824047
0.0687632
0.0385865
-0.000587914
-0.0375259
-0.0632822
-0.0731413
-0.0685093
-0.057043
-0.0474922
-0.0457205
-0.0525022
-0.0620744
-0.0664171
-0.0592234
-0.0393866
-0.0102168
0.0215852
0.0486075
0.0662166
0.0718725
0.0673745
0.0581452
0.0510121
0.0515258
0.060661
0.0733903
0.0815546
0.077322
0.0574628
0.024446
-0.013543
-0.0460521
-0.0656761
-0.0703145
-0.0623442
-0.0480091
-0.0344324
-0.0262956
-0.0252569
-0.0304208
-0.0389279
-0.0474174
-0.0523718
-0.0507007
-0.0410126
-0.0240483
-0.0024341
0.0203125
0.0407175
0.0558113
0.0631493
0.0628767
0.057663
0.052052
0.0509618
0.0562635
0.0657485
0.0736321
0.0739307
0.0628057
0.0401255
0.00980872
-0.0213317
-0.0645211
-0.0618322
-0.0645211
-0.057644
-0.0466248
-0.0370281
-0.0332805
-0.0616426
-0.0686073
-0.0645996
-0.0468515
-0.0174141
0.017265
0.0489393
0.0704694
0.0780202
0.0723859
0.0595944
0.0463821
0.0388519
0.0408301
0.0514168
0.0648625
0.074213
0.0737625
0.0604205
0.0350868
0.00326447
-0.0274464
-0.0510478
-0.0636956
-0.064598
-0.0574235
-0.0478528
-0.0413295
-0.041025
-0.0466228
-0.0544624
-0.0590592
-0.0562694
-0.0442296
-0.0238563
0.00114307
0.0260311
0.04638
0.0595874
0.0644511
0.0615178
0.0543238
0.0474869
0.0444239
0.047619
0.0560385
0.0660849
0.0721694
0.0698923
0.0572161
0.0344883
0.00583642
-0.0224765
-0.0450169
-0.0582078
-0.0612729
-0.0557362
-0.0453912
-0.0341624
-0.0255803
-0.0215613
-0.0219713
-0.0262342
-0.0303983
-0.0262342
-0.0327651
-0.0394342
-0.0441208
-0.0450281
-0.0409881
-0.00280819
-0.0187563
0.030236
0.0141321
0.0521923
0.0435321
0.054604
0.0558101
0.0543878
0.0502994
0.0458795
0.0440144
0.0464283
0.0526812
0.0599305
0.0648747
0.0407678
0.0191417
-0.0049571
-0.0273515
-0.0447736
-0.0547027
-0.0563587
-0.0524576
-0.0563587
-0.0513643
-0.0430576
-0.0348095
-0.0295053
-0.0293906
-0.0349544
-0.044353
-0.0540152
-0.0597724
-0.0582132
-0.0475747
-0.0282004
-0.00286864
0.0240022
0.0476363
0.0637312
0.0696672
0.0660856
0.0567528
0.045778
0.0372425
0.0343172
0.0382379
0.0473802
0.0580508
0.0656022
0.0666023
0.0588616
0.0424955
0.019719
-0.0052275
-0.0281104
-0.0456467
-0.0555574
-0.0571584
-0.0523758
-0.0449647
-0.0381587
-0.0348305
-0.0360323
-0.0409207
-0.0469019
-0.0506803
-0.0500182
-0.0432062
-0.0303949
-0.0131967
0.00595752
0.0244171
0.0397274
0.0504883
0.0557898
0.0556541
0.0514152
0.0456844
0.040812
0.0387135
0.0404141
0.0458663
0.0532402
0.0596489
0.0623409
0.0594496
0.0499577
0.0346769
0.0152174
-0.00551008
-0.0245226
-0.0393698
-0.0482404
-0.0507373
-0.0481167
-0.0416066
-0.0336788
-0.0262026
-0.020469
-0.0173414
-0.016899
-0.0189115
-0.0226394
-0.0272066
-0.0316853
-0.035102
-0.0365499
-0.0354351
-0.0313668
-0.0247224
-0.0155861
-0.00497598
0.00659345
0.018002
0.0284831
0.0371222
0.0432472
0.0462756
0.0465305
0.0446011
0.04164
0.0388336
0.0373849
0.0381688
0.0414809
0.0465081
0.0514713
0.0548256
0.0548613
0.0507352
0.0420808
0.0293849
0.013605
-0.00316508
-0.0192435
-0.03282
-0.0423259
-0.0469681
-0.0465024
-0.0425941
-0.0366094
-0.030523
-0.0258605
-0.0237288
-0.0251229
-0.0299809
-0.0370565
-0.0444185
-0.0496139
-0.0507835
-0.0469059
-0.0367396
-0.0212397
-0.00205794
0.0180642
0.0363484
0.0505758
0.058863
0.0606384
0.0566409
0.0493862
0.041193
0.0342868
0.0305065
0.0310538
0.0359712
0.0435043
0.0513515
0.0571208
0.0586413
0.0547632
0.0449365
0.0301827
0.012325
-0.00617639
-0.0230879
-0.0487681
-0.0472441
-0.0427459
-0.037222
-0.0321903
-0.0291894
-0.0290465
-0.0316859
-0.0359834
-0.0401738
-0.0359834
-0.0401738
-0.0380682
-0.030191
-0.0192311
-0.00620008
0.00741368
0.0203838
0.00741368
0.0203838
0.0314645
0.0397604
0.0450206
0.0471366
0.046276
0.0434805
0.0395747
0.035697
0.0332257
0.032433
0.0338886
0.0372442
0.0419195
0.0466299
0.0500584
0.0512043
0.048971
0.043763
0.035252
0.0242542
0.0115314
-0.00170587
-0.0141167
-0.0246325
-0.0324842
-0.0372386
-0.0389637
-0.0380638
-0.0349348
-0.0305624
-0.0257459
-0.0210012
-0.0170221
-0.0141245
-0.0122753
-0.0117116
-0.0125679
-0.0142183
-0.0164357
-0.0190877
-0.0216629
-0.0239084
-0.0257135
-0.0266537
-0.0265513
-0.0250028
-0.0223108
-0.018352
-0.0134107
-0.00753712
-0.00114158
0.0053893
0.0120271
0.0182674
0.0238452
0.0287559
0.032373
0.0349203
0.0361287
0.0360732
0.0352519
0.0337437
0.031805
0.0303077
0.0294495
0.0294114
0.0304727
0.0326304
0.0355231
0.0387907
0.0414297
0.043172
0.043507
0.0418248
0.0380474
0.0320682
0.0242174
0.0147788
0.00443097
-0.00590737
-0.0156713
-0.0241222
-0.0305585
-0.0347845
-0.0365633
-0.0361427
-0.0336324
-0.0302521
-0.0262709
-0.0226077
-0.0197084
-0.0184486
-0.0187721
-0.0294814
-0.0343856
-0.0383077
-0.0406217
-0.0404822
-0.0371834
-0.030531
-0.0207058
-0.00831754
0.0052168
0.0189119
0.0313293
0.0412162
0.0478158
0.0506683
0.0500308
0.0466679
0.0500308
0.0466679
0.0415132
0.0359057
0.0309113
0.0270988
0.0256345
0.0265643
0.0299048
0.0348712
0.0402842
0.0449466
0.048061
0.0485472
0.0461766
0.0406002
0.0320574
0.0212094
0.00891536
-0.00349012
-0.0149826
-0.0246915
-0.0320282
-0.0366958
-0.0383825
-0.0376157
-0.0352344
-0.0316362
-0.0279988
-0.0248742
-0.02289
-0.0222378
-0.0229666
-0.0249443
-0.0276183
-0.0302474
-0.032045
-0.0327403
-0.0319155
-0.0292301
-0.0249018
-0.0188615
-0.0115759
-0.00359854
0.00451373
0.0123935
0.0196103
0.0256807
0.0304478
0.0338765
0.0357773
0.0363392
0.0357742
0.0343729
0.0321097
0.0298209
0.0276442
0.0258963
0.0248794
0.0245548
0.0250552
0.0262685
0.0282276
0.0304196
0.0326773
0.0346706
0.0359538
0.0365518
0.0361069
0.0346816
0.0321351
0.0286838
0.0243299
0.0192602
0.0136811
0.00773254
0.00198679
-0.0035089
-0.00856366
-0.0130198
-0.0167361
-0.0195446
-0.0215737
-0.0225928
-0.0230067
-0.0226786
-0.0218789
-0.02044
-0.0188932
-0.0170376
-0.0150966
-0.0133727
-0.0115559
-0.00992321
-0.00848808
-0.00726171
-0.00631547
-0.00572278
-0.00532903
-0.0052215
-0.00532353
-0.00548207
-0.00592094
-0.00637219
-0.00706385
-0.00783494
-0.0087109
-0.00940699
-0.0101643
-0.0108078
-0.0114749
-0.0119665
-0.0124149
-0.0126695
-0.0126673
-0.0125794
-0.0123062
-0.0118276
-0.0111475
-0.0104326
-0.00952091
-0.00832482
-0.00684034
-0.00544472
-0.00404232
-0.00221943
-0.000678144
0.00107968
0.00286649
0.00462097
0.00657832
0.00831677
0.0100437
0.0118009
0.0134025
0.0149107
0.0163038
0.0174844
0.0184505
0.0194697
0.0202256
0.0206585
0.0210774
0.0212645
0.021182
0.0210642
0.0207757
0.0204796
0.0200597
0.0194876
0.0189671
0.0184894
0.0181095
0.0179279
0.0178646
0.0179488
0.0183308
0.0189506
0.0198449
0.0208208
0.0217687
0.0229016
0.0240977
0.0252584
0.0260749
0.0268345
0.0273308
0.0274274
0.0271462
0.026399
0.0253291
0.0235044
0.0212555
0.0183804
0.0151643
0.0113866
0.00736975
0.00330644
-0.000858015
-0.00505628
-0.00904823
-0.0126939
-0.0159066
-0.0186452
-0.020701
-0.0223098
-0.0230255
-0.0231696
-0.0227365
-0.0216682
-0.0201856
-0.0186649
-0.0169955
-0.0152192
-0.0138788
-0.012692
-0.0118944
-0.01179
-0.0124174
-0.013684
-0.0153703
-0.0176689
-0.0201483
-0.0228768
-0.0253444
-0.0273761
-0.0285742
-0.0288053
-0.0280179
-0.0259147
-0.0223985
-0.0174981
-0.0115069
-0.00444629
0.00301687
0.0107584
0.018261
0.0250164
0.0307745
0.0351675
0.0381139
0.039262
0.0350228
0.0320526
0.0287586
0.0256006
0.0229475
0.0211509
0.0203393
0.0205838
0.0218271
0.0240553
0.0269128
0.0301138
0.033095
0.0355387
0.0373775
0.0378389
0.0370098
0.0349491
0.0370098
0.0349491
0.0315607
0.0268731
0.0211476
0.0147345
0.00772064
0.000890958
-0.00566125
-0.0117458
-0.017086
-0.0212931
-0.0243599
-0.0264422
-0.0272696
-0.0270893
-0.0260805
-0.0243635
-0.022516
-0.0203329
-0.018548
-0.0168872
-0.0155246
-0.0148317
-0.0147176
-0.01494
-0.0156175
-0.0168429
-0.018143
-0.0192214
-0.0201117
-0.0209881
-0.0213848
-0.0212711
-0.0203582
-0.0190949
-0.0174571
-0.015082
-0.0124076
-0.00935932
-0.00598364
-0.00252354
0.00096212
0.00434802
0.00763867
0.0106901
0.0134806
0.0160166
0.018091
0.0198146
0.0209951
0.0218962
0.0225015
0.0227832
0.0229458
0.022574
0.0221165
0.0214908
0.020839
0.0200467
0.0191025
0.0181716
0.0173043
0.0165609
0.0158861
0.0151989
0.0146051
0.0140758
0.0137442
0.0136118
0.0134491
0.0133773
0.0134465
0.0135714
0.013708
0.0138434
0.0140149
0.0141332
0.0142794
0.0144324
0.0145833
0.0146528
0.0146728
0.0146987
0.0146497
0.0146038
0.0144406
0.0141741
0.0140167
0.0137022
0.0134253
0.013163
0.0128296
0.0124685
0.0121328
0.0118109
0.0114675
0.0110639
0.0105639
0.010023
0.00958167
0.00917799
0.00874374
0.00845035
0.00811292
0.00774207
0.00743845
0.00667415
0.00676634
0.00650784
0.00618191
0.00601334
0.00570953
0.00542203
0.00507684
0.00473921
0.00444768
0.00427597
0.00404617
0.00377685
0.00354499
0.00335932
0.00320451
0.00293264
0.00263885
0.00235951
0.00207054
0.00183661
0.0015093
0.00126888
0.00096959
0.000566405
0.000197915
-0.000206942
-0.000468885
-0.000783413
-0.00108428
-0.00134544
-0.00163942
-0.0019796
-0.0023305
-0.00275609
-0.00325914
-0.0035204
-0.0038884
-0.00422583
-0.00466272
-0.00495366
-0.00523487
-0.00549898
-0.00572003
-0.00588693
-0.00607132
-0.00622023
-0.00627547
-0.00643696
-0.00647205
-0.00648001
-0.00639175
-0.00634879
-0.0062218
-0.00610552
-0.00601392
-0.00577969
-0.0057103
-0.00557328
-0.00546497
-0.00531517
-0.00539184
-0.00536117
-0.00542241
-0.0055666
-0.0058196
-0.00613255
-0.006601
-0.00710848
-0.00766136
-0.00845613
-0.00918407
-0.011372
-0.0121685
-0.0129546
-0.0135975
-0.0140155
-0.0142113
-0.014136
-0.0140014
-0.0135753
-0.0128967
-0.0118949
-0.0104844
-0.0090039
-0.00701304
-0.00494659
-0.00232991
0.000248141
0.00321925
0.00615233
0.00921308
0.0123818
0.0153029
0.0180201
0.0206972
0.0180201
0.0206972
0.0227189
0.0245773
0.025929
0.0266987
0.0271694
0.0272407
0.0269276
0.0262632
0.0254079
0.0242529
0.0229874
0.0219701
0.021285
0.0208884
0.0208901
0.0211789
0.0218647
0.0229889
0.0244955
0.0259194
0.0273622
0.0289606
0.0300283
0.03077
0.0310135
0.0307148
0.0296701
0.0277893
0.0252688
0.0219734
0.0181807
0.0139088
0.00932533
0.00453231
-0.000156912
-0.0048081
-0.00913443
-0.0130676
-0.0163868
-0.0188997
-0.0206939
-0.0220293
-0.0225106
-0.0222667
-0.0215846
-0.0202186
-0.0188553
-0.0171882
-0.0151999
-0.0134382
-0.0115914
-0.0100977
-0.00900606
-0.0080729
-0.00750065
-0.00747382
-0.00781882
-0.0084521
-0.00931686
-0.0103359
-0.0114436
-0.0127701
-0.0138799
-0.0148506
-0.0157441
-0.0166002
-0.0171931
-0.017513
-0.0174876
-0.0171253
-0.0164021
-0.0153723
-0.0142472
-0.0128237
-0.0110907
-0.00934192
-0.00731213
-0.00535547
-0.00311574
-0.00111662
0.000868352
0.00281174
0.00458932
0.00650381
0.00809611
0.00953419
0.0110272
0.0121481
0.0130837
0.0137874
0.014509
0.0150857
0.0153437
0.015573
0.0156504
0.0156106
0.015537
0.0153833
0.0150811
0.0146761
0.014276
0.0138413
0.0133853
0.0129586
0.0125754
0.0121942
0.0117485
0.011299
0.0108358
0.0103821
0.00995094
0.00947728
0.00909493
0.00867474
0.00829996
0.00797227
0.00767789
0.00737958
0.00703192
0.00674197
0.00642351
0.0054122
0.00570383
0.0054122
0.00451187
0.00437092
0.00409482
0.0038663
0.00362146
0.00338762
0.00318082
0.00301746
0.00279582
0.00259688
0.00245475
0.0021821
0.0018545
0.0015899
0.00136177
0.001124
0.000867172
0.000561195
0.000179928
-8.25064e-005
-0.000322826
-0.000604918
-0.000919643
-0.00114542
-0.00140431
-0.00173987
-0.00207878
-0.00238525
-0.00273093
-0.0031234
-0.00356669
-0.00387935
-0.00428785
-0.00464778
-0.00428785
-0.00464778
-0.00500124
-0.00524077
-0.00547716
-0.00575876
-0.00594777
-0.00609049
-0.00635351
-0.00637592
-0.006383
-0.00627763
-0.00626967
-0.00609196
-0.0057679
-0.00548659
-0.00509422
-0.00457289
-0.0039055
-0.00302865
-0.00215358
-0.00126218
-0.000317813
0.000814882
0.00219782
0.00348218
0.00485598
0.00640287
0.00786601
0.00926881
0.0108777
0.0124848
0.0138267
0.0152498
0.0165189
0.0176352
0.0186751
0.0196652
0.0204803
0.0209999
0.0212648
0.0214533
0.0214509
0.0213279
0.0211001
0.0205342
0.0198762
0.0191475
0.018257
0.0174752
0.0167917
0.0160179
0.0151802
0.0143606
0.013728
0.0131846
0.0128219
0.0125763
0.0124643
0.0125523
0.0134792
0.0142328
0.015074
0.0158253
0.016558
0.017366
0.0181149
0.0189386
0.0197967
0.0203607
0.0208063
0.021106
0.021308
0.0212941
0.0211052
0.0207903
0.0203208
0.0195328
0.0185265
0.0175215
0.0164813
0.0151323
0.0135934
0.0120778
0.0103591
0.00862344
0.00715489
0.00539353
0.00376181
0.00225513
0.000571909
-0.000871382
-0.00209234
-0.00340353
-0.0046411
-0.00562823
-0.00643666
-0.00717689
-0.00796586
-0.0085616
-0.00897982
-0.00926073
-0.00950656
-0.00960829
-0.00962578
-0.00945063
-0.00927381
-0.00906022
-0.0087569
-0.00846773
-0.0079695
-0.00846773
-0.0079695
-0.0074978
-0.00701599
-0.00663511
-0.00627734
-0.00582314
-0.00549534
-0.00515909
-0.00481026
-0.00444305
-0.00402659
-0.00368336
-0.00336274
-0.00305165
-0.00279531
-0.00251715
-0.00229158
-0.00213647
-0.00189183
-0.00172916
-0.00165996
-0.00154654
-0.00145935
-0.00140166
-0.00125521
-0.00118178
-0.00110256
-0.00101548
-0.000854083
-0.000798746
-0.000809165
-0.000682862
-0.000544568
-0.000550957
-0.000469868
-0.000383077
-0.000255399
-0.000112485
-3.7761e-006
8.07533e-005
0.000230744
0.000334243
0.000529251
0.00069369
0.000852625
0.00106926
0.00123035
0.00142939
0.00171807
0.00180289
0.00201972
0.00221994
0.00239372
0.00252051
0.00266391
0.00288399
0.00309904
0.00325592
0.00338871
0.00369596
0.00385185
0.00393883
0.00409138
0.00428865
0.00447982
0.00460455
0.00485185
0.00503811
0.00529524
0.00548494
0.00560121
0.00574639
0.00584615
0.00607596
0.00615714
0.00646204
0.00661586
0.00677431
0.00696509
0.00705404
0.00716049
0.00724256
0.00735894
0.00744199
0.00751944
0.00755296
0.00771563
0.00782139
0.0078554
0.00794111
0.00793177
0.00803488
0.00813366
0.00808933
0.00819234
0.00831658
0.00837624
0.00841005
0.00847168
0.00855631
0.00863061
0.00872212
0.00873057
0.0089072
0.00901807
0.00914103
0.00922546
0.00938204
0.00953046
0.00966492
0.00986877
0.0100449
0.0102789
0.0105341
0.0108368
0.011568
0.0119377
0.012148
0.0123428
0.0126499
0.0128681
0.0130682
0.0132877
0.013532
0.0136304
0.0137774
0.0139142
0.0140211
0.0140776
0.0140864
0.0141447
0.0140784
0.0140137
0.0138096
0.0137572
0.013487
0.0132712
0.0130133
0.0125874
0.0121981
0.0117329
0.0112715
0.0107067
0.0100586
0.00929348
0.0088039
0.00821229
0.00752052
0.00703016
0.00620914
0.00542488
0.00477921
0.00406602
0.00337976
0.00281459
0.00216047
0.00139745
0.000645626
-5.53784e-005
-0.000632931
-0.00113234
-0.00162851
-0.0020256
-0.00246997
-0.00291002
-0.00324401
-0.00291002
-0.00324401
-0.00368287
-0.00390756
-0.00424981
-0.00441238
-0.00452679
-0.00464847
-0.00478401
-0.00483955
-0.0048713
-0.00484299
-0.00485547
-0.00477812
-0.00464031
-0.00451735
-0.00441818
-0.00430613
-0.00410532
-0.00395101
-0.00371717
-0.0034514
-0.0032559
-0.00294285
-0.00271619
-0.0025606
-0.0023129
-0.00205656
-0.00180425
-0.00159018
-0.00133629
-0.00110246
-0.000945788
-0.000797567
-0.000630572
-0.000394283
-0.000184433
0.000269274
0.000405209
0.000535345
0.000567289
0.000862946
0.00107466
0.00122436
0.00133169
0.00152631
0.00169369
0.00184762
0.00193942
0.00206326
0.00222623
0.00235351
0.00248778
0.00263797
0.00273409
0.00283494
0.00289893
0.00294129
0.00303575
0.00315704
0.00327646
0.00335401
0.00341092
0.00343991
0.00357841
0.0037684
0.00380339
0.0039813
0.00407585
0.00402818
0.00406936
0.00408421
0.00414927
0.00424796
0.00427125
0.00428501
0.00425317
0.00431627
0.00429661
0.00431627
0.00429661
0.00432226
0.00437003
0.00435018
0.00438792
0.00442753
0.00438517
0.00447943
0.00453359
0.00454352
0.00458568
0.00462549
0.00462175
0.0046883
0.00469419
0.00470668
0.00480703
0.00480762
0.00487927
0.00489461
0.00493795
0.0049411
0.00504352
0.00500548
0.00497304
0.00494179
0.00514269
0.00515114
0.00522044
0.00529396
0.00528315
0.00530585
0.00531372
0.00539441
0.00540729
0.00544493
0.00540994
0.00540857
0.00544985
0.00553585
0.00554951
0.0056882
0.00568338
0.00569538
0.00568338
0.00569538
0.0058088
0.0057918
0.00573902
0.00571985
0.00576133
0.00589717
0.00583288
0.00589441
0.00593835
0.0060045
0.00605934
0.00602042
0.00598514
0.00591751
0.00597845
